13904          0      27413
13904      27414      46992
13904      46993      66567
13904      66568      83353
13904      83354     107253
14183          0      19574
14183      19575      39152
14183      39153      58726
14183      58727      78305
14183      78306      97884
14183      97885     117466
14183     117467     137043
14183     137044     156620
14184          0      18886
14185          0      19579
14185      19580      39158
14185      39159      57664
14185      57665      77245
14185      77246      96829
14185      96830     116410
14185     116411     135984
14185     135985     155559
14186          0      23493
14186      23494      43072
14186      43073      62646
14186      62647      82224
14186      82225     101802
14186     101803     121378
14186     121379     140956
14186     140957     160536
14195          0      19580
14195      19581      39153
14195      39154      58727
14195      58728      78304
14195      78305      97884
14195      97885     117464
14195     117465     137038
14195     137039     156615
14196          0      19571
14196      19572      36849
14196      36850      52739
14196      52740      72318
14196      72319      91893
14196      91894     111463
14196     111464     131028
14196     131029     150604
14459          0      17925
14459      17926      35560
14459      35561      61680
14460          0       9211
14460       9212      30233
14460      30234      51586
14461          0      38372
14461      38373      52930
14461      52931      66898
14461      66899      83507
14461      83508      96857
14461      96858     110519
14461     110520     124269
14461     124270     137477
14635          0      26783
14635      26784      39771
15884          0      32869
15884      32870      68133
15884      68134     101082
15884     101083     135755
15884     135756     171000
17238          0      35742 
17238      35743      56604 
17238      56605      85085 
17238      85086     108872 
17238     108873     137443 
17239          0      16419 
17239      16420      44525 
17239      44526      63927 
17239      63928      81243 
17239      81244     113151 
17247          0      27408 
17247      27409      58738 
17247      58739      93962 
17248          0      19570 
17248      19571      43060 
17248      43061      70459 
17248      70460     104905 
17248     104906     140143 
17248     140144     172141 
17248     172142     207375 
17249          0      23483 
17249      23484      54807 
17249      54808      90038 
17249      90039     122361 
17249     122362     157598 
17249     157599     185573 
17250          0      23492 
17250      23493      58731 
17250      58732      90052 
17250      90053     125285 
17250     125286     156956 
17250     156957     188275 
17260          0      27397 
17260      27398      62625 
17260      62626      97863 
17261          0      19577 
17261      19578      39152 
17261      39153      70463 
17261      70464      97867 
17261      97868     129178 
17262          0      19570 
17262      19571      43059 
17262      43060      82207 
17262      82208     111345 
17263          0      41241 
17263      41242      87680 
17263      87681     115425 
17264          0      19576 
17264      19577      46975 
17264      46976      74379 
17264      74380     109606 
17264     109607     144842 
17264     144843     165728 
17265          0      19567 
17265      19568      58102 
17265      58103      80573 
17265      80574     100141 
17266          0      23488 
17266      23489      43064 
17266      43065      62634 
17266      62635      97871 
17267          0      54803 
17267      54804      91872 
17268          0      23491 
17268      23492      84890 
17271          0      19578 
17271      19579      64810 
17271      64811      92217 
17271      92218     127446 
17272          0      27388 
17272      27389      49067 
17272      49068      72538 
17272      72539     101165 
17273          0      23491 
17273      23492      58713 
17273      58714     143768 
17273     143769     179005 
17274          0      23485 
17274      23486      58720 
17274      58721      90040 
17274      90041     121364 
17274     121365     148769 
17275          0      19575 
17275      19576      43065 
17275      43066      94507 
17275      94508     117997 
17275     117998     145393 
17276          0      41586 
17276      41587      65071 
17276      65072     100311 
17276     100312     135550 
17276     135551     170783 
17277          0      19573 
17277      19574      39858 
17277      39859      75092 
17277      75093     102490 
17277     102491     161208 
17278          0      19577 
17278      19578      40200 
17278      40201     117558 
17279          0      19572 
17279      19573      43064 
17279      43065      66700 
17279      66701     101934 
17279     101935     137177 
17279     137178     172410 
17280          0      23487 
17280      23488      39703 
17280      39704      67108 
17280      67109     102335 
17280     102336     133656 
17280     133657     168886 
17281          0      19578 
17281      19579      46987 
17281      46988      74396 
17281      74397     109636 
17281     109637     144863 
17281     144864     176180 
17282          0      19574 
17282      19575      74563 
17282      74564     109798 
17282     109799     175084 
17283          0      19574 
17283      19575      78306 
17283      78307     111123 
17283     111124     146354 
17285          0      18450 
17285      18451      43070 
17286          0      23489 
17286      23490      58729 
17286      58730      93974 
17286      93975     129217 
17286     129218     162112 
17286     162113     197351 
17287          0      23490 
17289          0      17829 
17289      17830      53056 
17289      53057      84377 
17289      84378     119602 
17289     119603     154832 
17289     154833     190065 
17290          0      19569 
17290      19570      44541 
17290      44542      74538 
17290      74539     109768 
17290     109769     145007 
17290     145008     180235 
17291          0      19573 
17291      19574      41325 
17291      41326      68723 
17291      68724      96129 
17291      96130     131365 
17291     131366     166600 
17292          0      23489 
17292      23490      43066 
17292      43067      95889 
17292      95890     127214 
17292     127215     157293 
17301          0      19571 
17301      19572      44624 
17301      44625      75160 
17301      75161     110397 
17301     110398     141721 
17301     141722     173041 
17302          0      19577 
17302      19578      46525 
17302      46526      77851 
17302      77852     113089 
17302     113090     148327 
17302     148328     187483 
17303          0      27705 
17303      27706      74683 
17303      74684      93624 
17304          0      19576 
17304      19577      46980 
17304      46981      83400 
17305          0      19572 
17305      19573      46977 
17305      46978      79249 
17305      79250     106290 
17305     106291     141013 
17305     141014     175183 
17306          0      19568 
17306      19569      71485 
17306      71486     106486 
17306     106487     133452 
17306     133453     168693 
17307          0      19572 
17307      19573      46968 
17307      46969      79323 
17307      79324     114302 
17307     114303     149111 
17307     149112     176511 
17308          0      14916 
17308      14917      42319 
17308      42320      73638 
17308      73639     104959 
17308     104960     140197 
17308     140198     174205 
17309          0      19570 
17309      19571      46965 
17309      46966      82194 
17311          0      31316 
17311      31317      57905 
17311      57906      93139 
17312          0      19580 
17312      19581      50393 
17312      50394      85460 
17313          0      19571 
17313      19572      50889 
17314          0      19581 
17316          0      23491 
17316      23492      46981 
17316      46982      78299 
17316      78300     113536 
17316     113537     147573 
17316     147574     174979 
17317          0      25032 
17317      25033      44607 
17317      44608      75931 
17317      75932     111173 
17317     111174     138580 
17317     138581     169899 
17318          0      18830 
17318      18831      50144 
17318      50145      85379 
17320          0      31320 
17320      31321      63423 
17320      63424      86913 
17320      86914     122151 
17331          0      27399 
17331      27400      58308 
17334          0      19575 
17334      19576      50901 
17334      50902      86139 
17334      86140     120453 
17334     120454     155694 
17334     155695     190938 
17335          0      19574 
17335      19575      45618 
17335      45619      84208 
17335      84209     119451 
17335     119452     149849 
17336          0      34232 
17336      34233      61640 
17336      61641     120826 
17336     120827     156067 
17337          0      34959 
17337      34960      90286 
17337      90287     124564 
17337     124565     151726 
17338          0      35240 
17338      35241      67141 
17338      67142      98467 
17338      98468     129788 
17338     129789     165024 
17340          0      14517 
17340      14518      34089 
17340      34090      61497 
17340      61498      92825 
17340      92826     126414 
17340     126415     161649 
17341          0      19574 
17341      19575      43061 
17341      43062      74383 
17341      74384     108250 
17341     108251     143489 
17341     143490     174901 
17342          0      19579 
17342      19580      39785 
17342      39786      75019 
17342      75020     106667 
17342     106668     137988 
17342     137989     170087 
17343          0      19576 
17343      19577      70474 
17343      70475     105708 
17343     105709     137030 
17343     137031     165505 
17344         0      27405
17344     27406      62644
17344     62645      93961
17344     90051     144919
17344      93962     129203 
17344     129204     164438 
17344    144920     180161
17345         0      19577
17345     19578      39154
17401         0      15980
17402         0      19578 
17402     19579      39148 
17402     39149      70468 
17402     70469     101972 
17402    101973     132947 
17402    132948     168185 
17405         0      31325 
17405     31326      58725 
17405     58726      93960 
17405     93961     128424 
17405    128425     163664 
17405    163665     198900 
