14021
14069
14129
14200
14255
14411
14424
14427
14427
15352
15367
15368
15369
15371
15371
15375
15378
15442
15443
15444
15445
15621
15748
15805
15983
16181
16203
16318
16324
16445
16531
16532
16535
16538
16540
16542
16542
16559
16571
16573
16574
16577
16577
16578
16580
16588
16590
16597
16599
16600
16604
16610
16612
16613
16627
16629
16631
16633
16634
16635
16635
16636
16636
16640
16652
16653
16653
16654
16655
16658
16659
16660
16661
16663
16673
16677
16679
16681
16681
16682
16683
16683
16685
16686
16687
16688
16689
16689
16691
16694
16694
16695
16697
16697
16699
16701
16705
16706
16706
16707
16707
16708
16710
16711
16711
16712
16715
16715
16716
16833
16879
16948
17008
17011
17025
17027
17030
17031
17031
17034
17034
17034
17035
17035
17037
17037
17038
17053
17054
17054
17056
17064
17064
17066
17066
17071
17074
17075
17076
17086
17087
17087
17088
17090
17092
17114
17116
17116
17116
17121
17121
17149
17154
17402
17478
17497
18804
